V1	S53	S57	S60	S63	S90	S69	S76	S77	S55	S62	S92	S79	S82	S83	S84	S85	S86	S87	S88	S78	S65	S70	S74a	S80	S81	S51	S90	S94	S95	S96	S101	S109	S74	S93	S100	S102	S99	S107	S54	S104	S105	S111	S112	S113	S114	S98	S118	S119	S120	S121	S122	S155	S154	S156	S157	S159	S160	S161	S184	S169	S175	S162	S180	S185	S178	S202	S203	S204	S206	S207	S208	S205	S301	S302	S304	S308	S307	S304
S53	0	199.7698845	281.1586645	200.2862556	473073.2379	380275.8771	377908.0269	376638.8803	532829.6552	531307.1462	531554.6669	477846.1016	467825.4278	467951.5757	468266.2189	468064.8262	509305.3826	466729.3381	466626.6619	473584.7807	471355.9171	471244.3152	471323.9686	468495.5609	467678.1275	483687.4048	473073.2379	483911.528	483222.1964	472913.4419	473039.5571	472923.7846	471323.9686	240025.9791	212622.479	212965.7261	472910.0346	502638.212	467175.6794	490450.4152	490628.9714	467058.5677	466204.0485	467742.1518	467305.243	239542.5667	491357.2919	484503.2657	487318.9184	480749.7951	479912.9749	531187.7486	531703.3339	532896.0199	500031.7633	377910.3706	376588.4963	380394.2988	471434.0356	471072.4417	471293.3299	471092.1097	470930.3952	471071.1131	471311.9428	468233.7099	467797.261	467585.3288	467709.999	468163.779	468026.3579	468070.8766	473202.4728	473262.6857	472910.402	473062.6173	472910.402	472910.402
S57	199.7698845	0	202.3824634	282.6652055	473202.8495	380428.8314	378060.9352	376791.7365	532961.8982	531440.1258	531687.8658	477974.7343	467959.0025	468085.2109	468399.8001	468198.2238	509441.0037	466862.5014	466759.8941	473713.3101	471490.6588	471379.2684	471459.1047	468630.7818	467813.449	483814.7752	473202.8495	484039.0012	483354.9817	473046.2489	473172.4999	473056.7382	471459.1047	240195.7437	212798.0377	213141.0586	473042.909	502762.2498	467307.1089	490577.3815	490755.8394	467192.2053	466337.2924	467875.8164	467438.6541	239712.4895	491489.6906	484634.4345	487451.3371	480881.483	480043.7541	531320.7377	531836.5215	533028.2898	500159.972	378063.2674	376741.3749	380547.2507	471569.022	471207.4609	471428.3207	471227.0852	471065.2677	471205.9811	471446.7386	468367.3443	467930.8922	467718.8868	467843.5181	468297.4481	468160.0677	468204.4465	473335.2831	473395.4285	473043.1648	473195.4567	473043.1648	473043.1648
S60	281.1586645	202.3824634	0	194.9264153	473045.9724	380295.2559	377927.3055	376658.0456	532807.2705	531286.1438	531534.0774	477817.0388	467805.5517	467931.814	468246.355	468044.6158	509289.3936	466708.6863	466606.1399	473555.5295	471338.2528	471227.0537	471307.0557	468478.8101	467661.5691	483656.0407	473045.9724	483880.3507	483200.8322	472892.1194	473018.4898	472902.7376	471307.0557	240085.3274	212697.6051	213040.2104	472888.8386	502600.8558	467151.7805	490418.3177	490596.6959	467038.8105	466183.5486	467722.4455	467285.0581	239602.3288	491335.2017	484478.8803	487296.866	480726.3769	479887.8664	531166.7641	531682.723	532873.6856	500001.9242	377929.6241	376607.7102	380413.6722	471416.8373	471055.3061	471276.1399	471074.8906	470912.9799	471053.6894	471294.3815	468213.9466	467777.4917	467565.4213	467690.018	468144.0812	468006.7371	468050.9915	473181.1563	473241.2426	472888.9965	473041.3556	472888.9965	472888.9965
S63	200.2862556	282.6652055	194.9264153	0	472921.026	380147.2829	377779.3778	376510.1691	532679.7376	531157.8854	531405.6029	477693.0565	467676.7021	467802.9047	468117.4991	467915.9407	509158.5315	466580.2418	466477.6275	473431.6484	471208.254	471096.8465	471176.6684	468348.339	467530.9986	483533.3014	472921.026	483757.5101	483072.7614	472764.0264	472890.263	472774.5002	471176.6684	239920.6921	212527.21	212870.0401	472760.6793	502481.3975	467025.0436	490295.9767	490474.4516	466909.8989	466055.0247	467593.5074	467156.3697	239437.5364	491207.5124	484352.4016	487169.1567	480599.3866	479761.7709	531038.4962	531554.2597	532746.1262	499878.3609	377781.7078	376459.8117	380265.7017	471286.5974	470925.0338	471145.8957	470944.6615	470782.8522	470923.566	471164.3293	468085.0382	467648.5864	467436.5881	467561.2231	468015.1387	467877.7544	467922.1466	473053.0602	473113.2128	472760.9469	472913.2307	472760.9469	472760.9469
S90	473073.2379	473202.8495	473045.9724	472921.026	0	116413.2718	118089.8394	118946.3763	60394.69177	59303.76325	59690.65385	5664.340244	13459.75293	13590.08166	13318.79151	12853.51639	41258.56935	12768.73438	13007.18788	3395.438539	16252.56546	16935.57057	17511.61857	18226.55781	18742.17112	12715.45417	0	12733.39565	14294.45494	10027.20103	10457.63829	10491.42208	17511.61857	255135.4243	285026.5586	284451.1856	10240.43555	34402.76615	8164.161535	19262.58389	19557.7078	13946.80062	13248.98964	13753.27884	13197.61277	255738.16	20337.54116	12445.33533	16814.49811	10090.14267	7762.120909	59192.34823	59829.07012	60473.55398	27325.41763	118065.7359	119027.0507	116320.6091	17025.24177	17161.98364	17050.83375	17020.69562	16710.33204	16681.48247	16428.5308	13487.37801	13635.31416	13504.16861	13342.65957	13614.18675	13782.57428	13355.12909	10040.028	9828.029023	9887.253293	10129.99987	9887.253293	9887.253293
S69	380275.8771	380428.8314	380295.2559	380147.2829	116413.2718	0	2371.76305	3648.474101	166522.5549	164211.0586	164187.0588	122077.6019	105472.1979	105485.835	105843.4724	105959.1515	140371.1341	105182.8446	104984.0985	118673.7124	106766.63	106352.9276	106152.8332	103524.0851	102652.1295	129126.3121	116413.2718	129146.0522	120194.8592	111090.9246	110988.8178	110871.2494	106152.8332	146782.2223	177112.7083	176587.2463	110982.7999	150813.079	108403.1214	135566.4049	135879.5635	104709.9004	104602.4892	105258.3313	105282.2343	147365.0899	128035.9007	123759.9042	124385.9335	119668.1682	120357.3323	164087.1849	164340.7105	166552.7333	141969.9749	2371.617291	3694.163371	118.6453688	106471.8189	106102.6888	106340.6286	106185.1281	106195.3624	106326.298	106647.0285	105731.545	105358.5853	105290.8671	105460.1946	105616.3978	105433.2836	105692.0391	111337.3315	111495.0543	111157.4369	111170.156	111157.4369	111157.4369
S76	377908.0269	378060.9352	377927.3055	377779.3778	118089.8394	2371.76305	0	1278.304196	168548.9321	166251.8743	166233.8448	123753.4666	107263.437	107280.4049	107638.1472	107745.0598	142423.3311	106949.4643	106752.7195	120313.7522	108627.6785	108221.4566	108028.9264	105385.5398	104512.2197	130798.3306	118089.8394	130823.1451	122053.6429	112887.7225	112791.6503	112673.718	108028.9264	144513.3556	174847.9834	174321.291	112782.148	152492.6004	110103.7818	137268.3065	137579.2983	106498.0701	106368.3796	107052.5626	107063.1188	145096.9539	129923.3257	125569.3436	126253.8861	121473.6966	122124.9417	166127.9482	166387.5701	168579.9363	143765.2301	33.93403759	1322.430978	2489.613422	108342.8103	107972.7015	108210.9153	108053.5666	108058.79	108190.444	108509.8919	107528.1067	107151.8814	107079.6974	107248.3748	107413.8414	107231.3677	107484.8622	113136.1953	113291.7513	112952.5247	112969.1932	112952.5247	112952.5247
S77	376638.8803	376791.7365	376658.0456	376510.1691	118946.3763	3648.474101	1278.304196	0	169602.1003	167313.5185	167298.9762	124609.1269	108185.2937	108204.1338	108561.9018	108663.8733	143492.2924	107857.5159	107661.914	121149.6668	109588.7935	109186.8387	108998.608	106347.1603	105473.1461	131651.2914	118946.3763	131678.949	123012.4855	113812.2086	113719.545	113601.4175	108998.608	143317.6835	173654.7282	173127.2312	113708.0798	153348.4142	110974.5543	138137.5964	138447.3503	107418.2732	107276.0788	107976.1222	107979.1726	143901.7583	130897.9724	126500.0117	127217.6688	122402.4392	123032.2523	167189.5648	167452.7408	169633.5847	144686.7981	1277.041396	82.30339627	3765.989043	109309.5768	108938.9441	109177.2935	109018.9115	109021.2984	109153.348	109472.0436	108452.9333	108074.9057	108000.2167	108168.5126	108339.1748	108157.0785	108407.5893	114061.8246	114216.1466	113876.0419	113894.9341	113876.0419	113876.0419
S55	532829.6552	532961.8982	532807.2705	532679.7376	60394.69177	166522.5549	168548.9321	169602.1003	0	3030.327193	3634.398071	56285.9034	65155.97162	65044.38872	64717.86772	64879.21527	26343.91068	66171.14179	66284.73591	60513.05603	62046.2382	62257.91828	62273.58327	65107.76502	65966.9668	51769.96172	60394.69177	51452.33537	49641.2557	59945.80718	59835.88301	59952.97717	62273.58327	310734.2419	340944.112	340384.9903	59956.74867	40967.40974	65709.95827	45940.65694	45904.34504	65935.3672	66708.7053	65260.29176	65639.94677	311332.8147	41475.6944	48463.10587	45514.57173	52113.74777	53145.45587	3120.57906	3547.143965	116.4017813	35558.95494	168531.0754	169676.8652	166414.7896	62087.20477	62460.90013	62228.35924	62419.36081	62528.59794	62387.38942	62114.88787	64762.87997	65197.29182	65391.66585	65258.66202	64841.0682	64988.24524	64910.09294	59657.28094	59590.32475	59944.36227	59800.23991	59944.36227	59944.36227
S62	531307.1462	531440.1258	531286.1438	531157.8854	59303.76325	164211.0586	166251.8743	167313.5185	3030.327193	0	819.8662938	55393.07779	63512.66621	63393.27189	63072.81301	63257.57994	23878.54628	64580.63105	64685.85987	59583.66678	60244.05567	60429.76482	60422.25134	63262.03612	64113.93475	51180.70431	59303.76325	50850.18884	48089.56942	58396.66467	58267.73883	58383.44046	60422.25134	308669.511	338898.4925	338340.9807	58398.23375	41637.57883	64338.85176	45588.01642	45575.32787	64285.94324	65108.9472	63606.00955	64017.94848	309267.5329	39999.45566	47203.75499	44029.93379	50745.46775	51924.99478	124.1075982	840.6688165	2983.103834	35248.10173	166234.3597	167387.8726	164102.7126	60253.88122	60625.46308	60395.25688	60589.25726	60712.17145	60570.77976	60306.10797	63111.23293	63547.01923	63750.92366	63622.50125	63185.24834	63327.67882	63266.85972	58107.54176	58050.02539	58401.38632	58246.50246	58401.38632	58401.38632
S92	531554.6669	531687.8658	531534.0774	531405.6029	59690.65385	164187.0588	166233.8448	167298.9762	3634.398071	819.8662938	0	55830.73797	63741.48509	63619.68307	63301.2271	63493.2295	23823.4754	64825.45659	64928.08437	60010.90671	60422.72853	60599.68113	60584.33446	63425.07524	64274.22889	51689.45792	59690.65385	51356.2917	48353.0968	58656.20665	58521.57248	58636.80642	60584.33446	308739.2709	338974.9234	338418.0071	58654.94034	42365.64406	64648.39854	46148.52061	46140.50671	64512.60119	65350.76986	63831.35905	64253.2417	309337.0814	40290.89304	47551.61024	44315.95435	51061.20781	52280.8955	832.8311009	154.0246429	3569.712473	35823.56683	166216.4737	167373.1565	164078.4728	60422.11775	60792.85716	60563.5185	60758.46171	60885.92547	60744.52153	60482.55985	63337.56918	63773.64566	63980.46732	63853.51588	63410.25056	63551.1423	63495.78051	58367.01421	58312.36593	58662.78632	58504.71321	58662.78632	58662.78632
S79	477846.1016	477974.7343	477817.0388	477693.0565	5664.340244	122077.6019	123753.4666	124609.1269	56285.9034	55393.07779	55830.73797	0	18448.59953	18544.8845	18236.79639	17849.5335	38969.6889	18007.59942	18241.54901	4273.436741	20349.73919	21028.15283	21565.53655	22774.00077	23396.30579	7052.878289	5664.340244	7069.82559	14252.27997	14022.11882	14386.76305	14456.46883	21565.53655	260581.9905	290441.6247	289865.0976	14224.06472	28739.38984	13770.87901	13653.04374	13938.43464	19029.94168	18528.32736	18732.97068	18301.78126	261184.863	18109.79897	10434.55292	15345.67415	10083.24839	7069.489852	55285.86052	55963.95847	56370.31193	22226.65638	123729.3452	124689.8191	121984.9448	21074.86111	21280.68293	21128.68286	21141.16995	20877.19202	20820.52986	20527.71156	18397.68111	18614.7113	18532.73857	18362.41702	18527.381	18707.82267	18307.17878	13936.52221	13714.82669	13891.55837	14069.10067	13891.55837	13891.55837
S82	467825.4278	467959.0025	467805.5517	467676.7021	13459.75293	105472.1979	107263.437	108185.2937	65155.97162	63512.66621	63741.48509	18448.59953	0	228.6950378	441.2698346	606.3389344	42028.40111	1694.037554	1610.515682	16759.60749	5114.257985	5550.792449	6066.619627	5253.384399	5528.047018	25132.30849	13459.75293	25033.54504	15601.04142	5635.232305	5582.667742	5462.359281	6066.619627	246633.6581	276708.9664	276141.5871	5544.247655	46129.55801	6734.67736	30790.05677	31130.88088	791.9310887	1925.306846	294.9922174	731.5936496	247234.8549	23832.81267	18347.49072	19840.94291	14241.94184	14971.78413	63392.33403	63890.8771	65216.15508	36501.90176	107241.0911	108264.6033	105374.528	5752.19205	5616.24988	5675.513979	5514.685319	5154.455239	5230.026649	5210.450066	449.5747051	180.2554634	245.7361773	209.4671902	450.528842	470.7671725	245.897665	5893.643994	6037.99974	5693.743519	5728.391203	5693.743519	5693.743519
S83	467951.5757	468085.2109	467931.814	467802.9047	13590.08166	105485.835	107280.4049	108204.1338	65044.38872	63393.27189	63619.68307	18544.8845	228.6950378	0	357.7719031	756.4830751	41872.36674	1921.259212	1832.641565	16899.47207	4889.173167	5322.764869	5838.000728	5049.66468	5343.106101	25206.11853	13590.08166	25104.07016	15509.31799	5608.541004	5538.032235	5418.20784	5838.000728	246703.2355	276781.9073	276214.7027	5509.791614	46167.28388	6938.302323	30832.5721	31174.22269	893.0362631	2136.307012	228.8584598	956.5463281	247304.3883	23740.26616	18315.60206	19754.54383	14210.88009	14986.4218	63272.84682	63769.18824	65104.26663	36485.24457	107258.1134	108283.3969	105388.0195	5524.445772	5387.644972	5447.377755	5286.233717	4926.162981	5002.116571	4984.259342	282.14623	154.8352461	439.555458	438.1622244	237.5164873	246.6050958	237.7573767	5861.628411	6012.307514	5672.121072	5695.417971	5672.121072	5672.121072
S84	468266.2189	468399.8001	468246.355	468117.4991	13318.79151	105843.4724	107638.1472	108561.9018	64717.86772	63072.81301	63301.2271	18236.79639	441.2698346	357.7719031	0	611.9802394	41590.45598	2021.234739	1972.445774	16639.88603	4806.048984	5275.369147	5808.003685	5197.416292	5539.442736	24880.0373	13318.79151	24775.7911	15169.86529	5250.783025	5181.740445	5061.831654	5808.003685	247052.2899	277129.7086	276562.4362	5152.365824	45821.29558	6814.769545	30488.77924	30830.7925	1220.589428	2318.30373	586.1694203	1099.964719	247653.4586	23401.38705	17958.20778	19412.38318	13853.40264	14633.32365	62952.46393	63450.63677	64777.97075	36127.5341	107615.8567	108641.1645	105745.6506	5471.301091	5357.719491	5402.08434	5249.940619	4885.902331	4953.097655	4911.635774	170.8623583	494.7241489	684.7816767	589.5509005	295.3956175	471.0271012	198.526154	5504.063304	5654.541335	5314.384369	5337.902131	5314.384369	5314.384369
S85	468064.8262	468198.2238	468044.6158	467915.9407	12853.51639	105959.1515	107745.0598	108663.8733	64879.21527	63257.57994	63493.2295	17849.5335	606.3389344	756.4830751	611.9802394	0	41890.4879	1524.651953	1529.089118	16154.8637	5383.428727	5868.991665	6407.431641	5785.321003	6096.750591	24546.38507	12853.51639	24450.08855	15282.39658	5194.181365	5177.590518	5056.916956	6407.431641	247015.6825	277083.5889	276515.8266	5118.70326	45576.12809	6212.254659	30232.04589	30571.97296	1257.622684	1922.288424	899.9315106	760.754956	247616.9726	23512.01029	17899.19669	19506.72741	13794.22384	14450.30285	63137.51623	63642.29028	64940.22334	36023.86209	107722.6265	108743.2578	105861.7124	6062.294871	5957.567568	5996.386125	5847.753271	5482.733928	5546.50062	5494.382897	764.4664936	782.3252247	696.0800122	521.4949644	860.5432009	983.791165	542.4024158	5461.705149	5593.380164	5242.92233	5299.050602	5242.92233	5242.92233
S86	509305.3826	509441.0037	509289.3936	509158.5315	41258.56935	140371.1341	142423.3311	143492.2924	26343.91068	23878.54628	23823.4754	38969.6889	42028.40111	41872.36674	41590.45598	41890.4879	0	43341.04369	43400.2612	42608.81903	38062.60868	38126.33462	38016.02941	40831.69399	41639.29132	37377.6328	41258.56935	36987.29128	27760.40803	37569.2474	37338.6406	37442.47332	38016.02941	285156.0669	315418.8325	314864.6544	37518.20393	39158.09072	44318.64173	34352.05892	34525.89646	42752.44511	43808.39143	42064.06117	42629.90704	285752.9224	20985.27044	28915.55898	24479.80379	31417.80971	33498.95029	23755.24799	23976.8399	26361.66131	26587.91949	142406.1095	143566.2664	140262.3611	37930.64536	38285.74241	38070.30498	38274.02771	38456.1705	38316.72094	38093.04659	41594.49155	42026.67868	42273.88157	42171.8592	41645.63058	41760.7661	41788.97367	37287.40466	37285.38586	37608.51835	37398.75593	37608.51835	37608.51835
S87	466729.3381	466862.5014	466708.6863	466580.2418	12768.73438	105182.8446	106949.4643	107857.5159	66171.14179	64580.63105	64825.45659	18007.59942	1694.037554	1921.259212	2021.234739	1524.651953	43341.04369	0	238.9292441	15967.66155	6806.512752	7243.447792	7754.599292	6732.715155	6876.800649	24845.66722	12768.73438	24772.62181	16536.5079	6284.869995	6348.224506	6229.475878	7754.599292	245932.7787	275983.6709	275415.066	6247.195374	46089.02252	5423.092535	30731.02799	31065.03701	1524.031507	582.7770999	1871.865028	967.2410395	246534.2736	24749.26078	18865.4212	20726.02709	14776.64052	15175.51757	64460.94847	64974.05944	66233.36811	36870.92965	106926.7241	107937.1544	105086.255	7445.572539	7304.602377	7367.754904	7205.000188	6845.966531	6923.043889	6904.123506	2110.479419	1816.511536	1505.971478	1486.323868	2140.86893	2151.950667	1852.252854	6567.803905	6666.033248	6308.173763	6414.777432	6308.173763	6308.173763
S88	466626.6619	466759.8941	466606.1399	466477.6275	13007.18788	104984.0985	106752.7195	107661.914	66284.73591	64685.85987	64928.08437	18241.54901	1610.515682	1832.641565	1972.445774	1529.089118	43400.2612	238.9292441	0	16206.5605	6720.586929	7140.709811	7643.168434	6552.244415	6677.632511	25074.8778	13007.18788	25000.75937	16656.18336	6427.575759	6477.240402	6357.870711	7643.168434	245774.7039	275828.5221	275260.0621	6383.493548	46307.43331	5646.695011	30949.65819	31284.07915	1343.38746	424.2073896	1757.442892	880.5413098	246376.1654	24874.18119	19036.38042	20854.27755	14944.06777	15373.27312	64566.06883	65076.82095	66346.64972	37059.07214	106730.0113	107741.526	104887.422	7345.115051	7193.984097	7263.864484	7097.38826	6740.811051	6821.587686	6813.285906	2044.545519	1714.945904	1401.965177	1408.92647	2061.031559	2052.299808	1792.035426	6708.611255	6812.483119	6454.988913	6553.635557	6454.988913	6454.988913
S78	473584.7807	473713.3101	473555.5295	473431.6484	3395.438539	118673.7124	120313.7522	121149.6668	60513.05603	59583.66678	60010.90671	4273.436741	16759.60749	16899.47207	16639.88603	16154.8637	42608.81903	15967.66155	16206.5605	0	19647.1429	20330.34276	20905.84201	21599.70985	22099.33695	10728.69373	3395.438539	10838.90077	16557.66573	13404.02672	13830.27214	13867.66255	20905.84201	256595.0205	286424.4668	285846.9479	13617.23247	32312.37713	11035.99594	17562.5683	17821.58773	17210.31359	16419.59024	17054.27186	16457.7849	257198.0064	21631.34525	13729.00505	18466.06192	12249.60625	9475.578328	59475.54659	60145.29248	60596.59479	26466.42845	120289.14	121230.673	118582.6686	20419.10451	20557.18849	20445.3729	20415.88838	20105.76697	20076.78304	19823.22337	16809.59273	16937.07765	16790.67681	16633.18631	16934.97645	17099.24612	16666.64311	13406.9549	13192.5497	13264.26302	13501.95139	13264.26302	13264.26302
S65	471355.9171	471490.6588	471338.2528	471208.254	16252.56546	106766.63	108627.6785	109588.7935	62046.2382	60244.05567	60422.72853	20349.73919	5114.257985	4889.173167	4806.048984	5383.428727	38062.60868	6806.512752	6720.586929	19647.1429	0	684.8838832	1261.309232	3242.552142	4115.654585	26387.62904	16252.56546	26217.4496	13428.52559	6345.775498	5965.443715	5900.358826	1261.309232	249048.3511	279188.6616	278624.941	6138.759731	46358.05171	11232.73026	31259.41894	31614.44759	5541.499593	6997.890174	4972.616101	5845.492189	249648.5484	21390.06301	17428.55236	17631.59712	13543.42254	15243.32424	60122.03483	60574.17477	62099.94656	35583.61452	108606.5218	109667.0292	106665.9248	785.8205779	930.9603062	798.3021952	791.9288335	596.0467084	493.9040194	178.237365	4699.831659	5006.391657	5319.116106	5320.67971	4665.785321	4669.331012	4959.88976	6414.865458	6636.797201	6480.576972	6286.43666	6480.576972	6480.576972
S70	471244.3152	471379.2684	471227.0537	471096.8465	16935.57057	106352.9276	108221.4566	109186.8387	62257.91828	60429.76482	60599.68113	21028.15283	5550.792449	5322.764869	5275.369147	5868.991665	38126.33462	7243.447792	7140.709811	20330.34276	684.8838832	0	590.4461637	2878.182124	3754.453296	27043.20824	16935.57057	26870.33687	13858.04887	7028.824032	6646.221014	6582.265019	590.4461637	248763.9582	278912.5808	278349.3827	6821.404537	46946.57795	11819.71204	31872.52602	32228.09742	5909.082566	7392.147206	5383.413	6276.708773	249364.0024	21747.02868	17966.99272	18033.13374	14116.99863	15871.5855	60307.5034	60751.4248	62310.54158	36087.40024	108200.4351	109264.944	106251.9022	217.3485782	272.2355031	129.6851427	167.9796852	406.3996868	322.5099499	507.5172681	5156.145136	5428.880156	5741.331636	5759.690859	5109.113557	5092.229134	5416.072779	7095.216416	7317.193614	7163.892226	6967.973527	7163.892226	7163.892226
S74a	471323.9686	471459.1047	471307.0557	471176.6684	17511.61857	106152.8332	108028.9264	108998.608	62273.58327	60422.25134	60584.33446	21565.53655	6066.619627	5838.000728	5808.003685	6407.431641	38016.02941	7754.599292	7643.168434	20905.84201	1261.309232	590.4461637	0	2841.277262	3693.470583	27536.57917	17511.61857	27359.46686	14098.27168	7582.866025	7193.42749	7132.739404	0	248688.5166	278844.7857	278282.0794	7374.114817	47346.71498	12395.53308	32305.15739	32661.38356	6386.836197	7879.744305	5886.806681	6787.407545	249288.4135	21908.573	18315.80508	18240.88687	14508.07933	16328.17981	60299.78718	60736.32788	62325.22039	36392.13498	108008.0428	109076.5792	106051.4839	491.5879995	450.5502415	466.0114672	563.7656026	930.3258101	893.541923	1088.190681	5683.089514	5938.088202	6249.178062	6276.020627	5630.008802	5603.108248	5942.017635	7640.985878	7862.943627	7718.89677	7517.104064	7718.89677	7718.89677
S80	468495.5609	468630.7818	468478.8101	468348.339	18226.55781	103524.0851	105385.5398	106347.1603	65107.76502	63262.03612	63425.07524	22774.00077	5253.384399	5049.66468	5197.416292	5785.321003	40831.69399	6732.715155	6552.244415	21599.70985	3242.552142	2878.182124	2841.277262	0	877.9791923	29087.28444	18226.55781	28940.27099	16671.04543	8845.066534	8544.029758	8453.386697	2841.277262	245887.6766	276037.9326	275474.8555	8660.104919	49387.37929	11987.55281	34207.20328	34559.53301	5210.449538	6647.83399	4984.085226	5844.85167	246487.6947	24612.84504	20593.02302	20871.68922	16647.80202	18156.58478	63139.60195	63577.04619	65159.72673	38784.89061	105364.3961	106425.3779	103423.3763	3032.140557	2655.828002	2892.379771	2711.864551	2676.103928	2810.332208	3125.376443	5031.212895	5080.364694	5339.655841	5441.740829	4925.845214	4808.499221	5243.917808	8986.250267	9199.504704	8964.504658	8834.085265	8964.504658	8964.504658
S81	467678.1275	467813.449	467661.5691	467530.9986	18742.17112	102652.1295	104512.2197	105473.1461	65966.9668	64113.93475	64274.22889	23396.30579	5528.047018	5343.106101	5539.442736	6096.750591	41639.29132	6876.800649	6677.632511	22099.33695	4115.654585	3754.453296	3693.470583	877.9791923	0	29778.16862	18742.17112	29637.85697	17542.73696	9542.332703	9260.911952	9165.829816	3693.470583	245014.8139	275166.402	274603.4153	9363.857077	50171.09585	12234.52333	34968.26163	35319.64463	5359.836598	6718.279915	5243.039432	6048.859051	245614.808	25490.71729	21427.98397	21746.76449	17465.48651	18918.2538	63991.43341	64426.28636	66018.64028	39631.34253	104491.0532	105551.3838	102551.4835	3904.955609	3528.397957	3765.834057	3587.73762	3553.051492	3687.785515	4001.342217	5369.135408	5349.234704	5577.764204	5700.255407	5253.146937	5113.480184	5556.277581	9697.570504	9907.127306	9657.333949	9541.724345	9657.333949	9657.333949
S51	483687.4048	483814.7752	483656.0407	483533.3014	12715.45417	129126.3121	130798.3306	131651.2914	51769.96172	51180.70431	51689.45792	7052.878289	25132.30849	25206.11853	24880.0373	24546.38507	37377.6328	24845.66722	25074.8778	10728.69373	26387.62904	27043.20824	27536.57917	29087.28444	29778.16862	0	12715.45417	393.264244	17260.12904	20242.67321	20548.61149	20636.37423	27536.57917	267310.0393	297126.2602	296548.2334	20427.2622	21699.98109	20810.22813	6882.20118	7120.381123	25764.2447	25385.39408	25406.93399	25057.52397	267913.0597	17869.28513	12091.15669	16540.91322	13990.90013	11405.24445	51080.73494	51813.73935	51861.97763	16563.51556	130774.1461	131732.0323	129033.7971	27056.45183	27308.30584	27129.9094	27173.90668	26951.48593	26875.84507	26561.89358	25033.53453	25290.18762	25239.69003	25066.29315	25162.95178	25348.10807	24970.32334	20103.59532	19888.92803	20124.57941	20254.10844	20124.57941	20124.57941
S90	473073.2379	473202.8495	473045.9724	472921.026	0	116413.2718	118089.8394	118946.3763	60394.69177	59303.76325	59690.65385	5664.340244	13459.75293	13590.08166	13318.79151	12853.51639	41258.56935	12768.73438	13007.18788	3395.438539	16252.56546	16935.57057	17511.61857	18226.55781	18742.17112	12715.45417	0	12733.39565	14294.45494	10027.20103	10457.63829	10491.42208	17511.61857	255135.4243	285026.5586	284451.1856	10240.43555	34402.76615	8164.161535	19262.58389	19557.7078	13946.80062	13248.98964	13753.27884	13197.61277	255738.16	20337.54116	12445.33533	16814.49811	10090.14267	7762.120909	59192.34823	59829.07012	60473.55398	27325.41763	118065.7359	119027.0507	116320.6091	17025.24177	17161.98364	17050.83375	17020.69562	16710.33204	16681.48247	16428.5308	13487.37801	13635.31416	13504.16861	13342.65957	13614.18675	13782.57428	13355.12909	10040.028	9828.029023	9887.253293	10129.99987	9887.253293	9887.253293
S94	483911.528	484039.0012	483880.3507	483757.5101	12733.39565	129146.0522	130823.1451	131678.949	51452.33537	50850.18884	51356.2917	7069.82559	25033.54504	25104.07016	24775.7911	24450.08855	36987.29128	24772.62181	25000.75937	10838.90077	26217.4496	26870.33687	27359.46686	28940.27099	29637.85697	393.264244	12733.39565	0	16948.92754	20098.02264	20398.03235	20487.24907	27359.46686	267432.5005	297256.1682	296678.3835	20280.65661	21669.58202	20800.13596	6732.028662	6984.125182	25672.58016	25315.67434	25306.51451	24969.86934	268035.4978	17482.44547	11757.89164	16179.62546	13729.07577	11182.53037	50749.91316	51480.94116	51544.03063	16291.7215	130799.0322	131759.642	129053.3116	26880.74286	27136.2199	26955.77002	27002.40479	26783.83755	26706.62089	26391.19585	24928.12834	25190.0908	25144.26508	24970.56115	25057.38338	25243.01132	24868.76459	19954.36575	19740.76793	19981.31663	20106.18801	19981.31663	19981.31663
S95	483222.1964	483354.9817	483200.8322	483072.7614	14294.45494	120194.8592	122053.6429	123012.4855	49641.2557	48089.56942	48353.0968	14252.27997	15601.04142	15509.31799	15169.86529	15282.39658	27760.40803	16536.5079	16656.18336	16557.66573	13428.52559	13858.04887	14098.27168	16671.04543	17542.73696	17260.12904	14294.45494	16948.92754	0	10308.97956	10195.05816	10312.42436	14098.27168	262144.8415	292243.1417	291676.8955	10316.062	34197.92646	16612.12626	20000.15468	20356.9386	16390.09416	17080.39074	15731.89987	16041.13585	262745.6995	8231.829065	5366.299409	4265.765977	4309.28494	7231.368067	47970.64186	48500.60319	49704.3068	22435.17375	122032.4255	123090.7998	120094.2014	13750.08434	14113.81487	13877.61979	14025.23932	14002.08928	13872.40172	13549.77249	15231.28013	15658.97816	15829.58077	15687.45916	15320.11691	15479.4505	15356.49922	10020.03076	9960.459135	10312.05538	10161.03011	10312.05538	10312.05538
S96	472913.4419	473046.2489	472892.1194	472764.0264	10027.20103	111090.9246	112887.7225	113812.2086	59945.80718	58396.66467	58656.20665	14022.11882	5635.232305	5608.541004	5250.783025	5194.181365	37569.2474	6284.869995	6427.575759	13404.02672	6345.775498	7028.824032	7582.866025	8845.066534	9542.332703	20242.67321	10027.20103	20098.02264	10308.97956	0	448.3762954	464.3845024	7582.866025	252188.0169	282247.8297	281679.6251	213.2468022	40780.84368	7181.549652	25503.64766	25851.65841	6414.012491	6848.705219	5836.817965	5922.538389	252789.398	18490.561	12712.58135	14459.14531	8606.940978	9503.846299	58277.60355	58803.99562	60009.38245	30879.11483	112865.4581	113891.457	110992.9861	7091.404914	7274.810288	7134.770644	7134.260695	6859.830147	6808.002114	6524.007307	5359.658146	5739.526295	5831.094267	5667.618756	5474.531029	5657.867099	5408.265251	289.2111955	404.1549972	140.0003339	180.9829267	140.0003339	140.0003339
S101	473039.5571	473172.4999	473018.4898	472890.263	10457.63829	110988.8178	112791.6503	113719.545	59835.88301	58267.73883	58521.57248	14386.76305	5582.667742	5538.032235	5181.740445	5177.590518	37338.6406	6348.224506	6477.240402	13830.27214	5965.443715	6646.221014	7193.42749	8544.029758	9260.911952	20548.61149	10457.63829	20398.03235	10195.05816	448.3762954	0	120.6763275	7193.42749	252193.1731	282259.9502	281692.0968	252.7369849	40997.08792	7544.543621	25739.81637	26089.13601	6369.982213	6900.837726	5766.885715	5921.31786	252794.4693	18401.35088	12784.73958	14378.03342	8683.271099	9713.186948	58148.42281	58669.67384	59898.74941	30984.14727	112769.4854	113798.7072	110890.6166	6701.856868	6896.034756	6749.592341	6756.100283	6490.703011	6433.945744	6143.600106	5279.189708	5675.097208	5789.51519	5631.342473	5388.729863	5568.161237	5348.788253	450.6719603	671.9823981	584.7021315	328.6618618	584.7021315	584.7021315
S109	472923.7846	473056.7382	472902.7376	472774.5002	10491.42208	110871.2494	112673.718	113601.4175	59952.97717	58383.44046	58636.80642	14456.46883	5462.359281	5418.20784	5061.831654	5056.916956	37442.47332	6229.475878	6357.870711	13867.66255	5900.358826	6582.265019	7132.739404	8453.386697	9165.829816	20636.37423	10491.42208	20487.24907	10312.42436	464.3845024	120.6763275	0	7132.739404	252072.5067	282139.3222	281571.4715	251.4220196	41102.59024	7476.140469	25842.03043	26191.1357	6249.549403	6781.527962	5647.064437	5800.719575	252673.8026	18519.89608	12903.51595	14497.04396	8801.665512	9818.924942	58264.10434	58784.93357	60015.7957	31101.29069	112651.5473	113680.5846	110773.0646	6641.162373	6830.415439	6686.830609	6690.193474	6420.993137	6366.241439	6078.580513	5159.693487	5555.096646	5669.017959	5510.769354	5269.465608	5449.093268	5228.624423	532.8843488	748.9075665	604.3848361	387.5827155	604.3848361	604.3848361
S74	471323.9686	471459.1047	471307.0557	471176.6684	17511.61857	106152.8332	108028.9264	108998.608	62273.58327	60422.25134	60584.33446	21565.53655	6066.619627	5838.000728	5808.003685	6407.431641	38016.02941	7754.599292	7643.168434	20905.84201	1261.309232	590.4461637	0	2841.277262	3693.470583	27536.57917	17511.61857	27359.46686	14098.27168	7582.866025	7193.42749	7132.739404	0	248688.5166	278844.7857	278282.0794	7374.114817	47346.71498	12395.53308	32305.15739	32661.38356	6386.836197	7879.744305	5886.806681	6787.407545	249288.4135	21908.573	18315.80508	18240.88687	14508.07933	16328.17981	60299.78718	60736.32788	62325.22039	36392.13498	108008.0428	109076.5792	106051.4839	491.5879995	450.5502415	466.0114672	563.7656026	930.3258101	893.541923	1088.190681	5683.089514	5938.088202	6249.178062	6276.020627	5630.008802	5603.108248	5942.017635	7640.985878	7862.943627	7718.89677	7517.104064	7718.89677	7718.89677
S93	240025.9791	240195.7437	240085.3274	239920.6921	255135.4243	146782.2223	144513.3556	143317.6835	310734.2419	308669.511	308739.2709	260581.9905	246633.6581	246703.2355	247052.2899	247015.6825	285156.0669	245932.7787	245774.7039	256595.0205	249048.3511	248763.9582	248688.5166	245887.6766	245014.8139	267310.0393	255135.4243	267432.5005	262144.8415	252188.0169	252193.1731	252072.5067	248688.5166	0	30347.5088	29814.0538	252127.0688	288483.0404	247872.4498	274157.0911	274416.2741	245841.9426	245358.2997	246476.621	246273.4253	603.2339617	270329.4939	264755.716	266409.7543	260693.7806	260673.2892	308545.5861	308893.1489	310777.6795	282277.4254	144523.6939	143253.1189	146899.0654	248919.4627	248542.9651	248779.9619	248598.4809	248528.3913	248667.8476	248960.6828	246975.494	246558.164	246416.8563	246570.1506	246878.5416	246711.4808	246873.9034	252463.5131	252579.2724	252222.9869	252303.9148	252222.9869	252222.9869
S100	212622.479	212798.0377	212697.6051	212527.21	285026.5586	177112.7083	174847.9834	173654.7282	340944.112	338898.4925	338974.9234	290441.6247	276708.9664	276781.9073	277129.7086	277083.5889	315418.8325	275983.6709	275828.5221	286424.4668	279188.6616	278912.5808	278844.7857	276037.9326	275166.402	297126.2602	285026.5586	297256.1682	292243.1417	282247.8297	282259.9502	282139.3222	278844.7857	30347.5088	0	609.4618728	282190.0745	318198.8172	277835.3979	303985.675	304239.9686	275917.0593	275410.8597	276555.813	276338.7943	29759.69167	300439.0564	294783.9753	296506.4507	290731.931	290662.3001	338774.6277	339128.7423	340988.5046	312221.0322	174858.5008	173589.9049	177229.419	279070.0665	278693.6962	278930.2746	278747.4983	278672.6468	278812.4022	279103.0803	277055.2741	276636.0175	276490.3908	276642.3579	276959.6587	276793.9407	276949.9958	282524.6656	282637.4531	282280.6729	282365.8816	282280.6729	282280.6729
S102	212965.7261	213141.0586	213040.2104	212870.0401	284451.1856	176587.2463	174321.291	173127.2312	340384.9903	338340.9807	338418.0071	289865.0976	276141.5871	276214.7027	276562.4362	276515.8266	314864.6544	275415.066	275260.0621	285846.9479	278624.941	278349.3827	278282.0794	275474.8555	274603.4153	296548.2334	284451.1856	296678.3835	291676.8955	281679.6251	281692.0968	281571.4715	278282.0794	29814.0538	609.4618728	0	281622.0307	317617.6095	277262.8454	303408.008	303662.139	275349.6752	274842.3406	275988.6371	275770.908	29227.61224	299873.3948	294214.1674	295940.0923	290162.6148	290090.7564	338217.1216	338571.8201	340429.4595	311647.4783	174331.7517	173062.4974	176703.994	278506.9937	278130.6337	278367.1841	278184.3263	278109.1748	278248.9481	278539.4898	276488.1257	276068.771	275922.9211	276074.8188	276392.5811	276226.935	276382.6556	281956.5263	282069.1645	281712.3619	281797.7843	281712.3619	281712.3619
S99	472910.0346	473042.909	472888.8386	472760.6793	10240.43555	110982.7999	112782.148	113708.0798	59956.74867	58398.23375	58654.94034	14224.06472	5544.247655	5509.791614	5152.365824	5118.70326	37518.20393	6247.195374	6383.493548	13617.23247	6138.759731	6821.404537	7374.114817	8660.104919	9363.857077	20427.2622	10240.43555	20280.65661	10316.062	213.2468022	252.7369849	251.4220196	7374.114817	252127.0688	282190.0745	281622.0307	0	40933.98613	7308.2741	25663.9827	26012.48538	6327.28522	6806.023366	5738.485218	5854.580223	252728.4115	18510.66398	12805.84497	14482.77131	8701.116113	9652.887596	58279.04537	58802.88586	60019.97733	30987.51273	112759.9256	113787.2918	110884.7506	6882.595486	7068.231954	6926.82985	6927.802569	6655.393772	6602.420983	6316.997093	5256.462688	5643.486641	5745.056915	5583.791812	5369.172497	5551.004039	5314.100595	356.0330655	545.8904283	353.1859037	188.5548978	353.1859037	353.1859037
S107	502638.212	502762.2498	502600.8558	502481.3975	34402.76615	150813.079	152492.6004	153348.4142	40967.40974	41637.57883	42365.64406	28739.38984	46129.55801	46167.28388	45821.29558	45576.12809	39158.09072	46089.02252	46307.43331	32312.37713	46358.05171	46946.57795	47346.71498	49387.37929	50171.09585	21699.98109	34402.76615	21669.58202	34197.92646	40780.84368	40997.08792	41102.59024	47346.71498	288483.0404	318198.8172	317617.6095	40933.98613	0	42431.79006	15358.13656	15025.74817	46827.84505	46652.41971	46383.28164	46167.64005	289086.2471	29358.28769	29192.28325	31094.03196	32839.6623	31283.92082	41576.93075	42441.87082	41080.25182	13735.1302	152468.4997	153429.1152	150720.1591	46906.8104	47218.79198	47007.43454	47098.75932	46951.69216	46849.97748	46518.17698	45959.97496	46271.38768	46270.54856	46095.91937	46085.8986	46273.92748	45939.6913	40583.75595	40389.94084	40684.39387	40747.82384	40684.39387	40684.39387
S54	467175.6794	467307.1089	467151.7805	467025.0436	8164.161535	108403.1214	110103.7818	110974.5543	65709.95827	64338.85176	64648.39854	13770.87901	6734.67736	6938.302323	6814.769545	6212.254659	44318.64173	5423.092535	5646.695011	11035.99594	11232.73026	11819.71204	12395.53308	11987.55281	12234.52333	20810.22813	8164.161535	20800.13596	16612.12626	7181.549652	7544.543621	7476.140469	12395.53308	247872.4498	277835.3979	277262.8454	7308.2741	42431.79006	0	27164.68113	27476.69328	6896.314508	5737.038079	7008.386226	6186.83658	248474.7563	24379.08061	17347.00031	20387.58266	13598.64683	12899.48638	64222.3534	64793.097	65780.02685	34414.42513	110080.0365	111054.9695	108309.4281	11987.07318	11958.27075	11949.35943	11833.24491	11468.75816	11504.07691	11375.99582	6974.968098	6908.990217	6661.855333	6549.599028	7072.312236	7180.691062	6749.80217	7421.195149	7349.296461	7096.292589	7362.400829	7096.292589	7096.292589
S104	490450.4152	490577.3815	490418.3177	490295.9767	19262.58389	135566.4049	137268.3065	138137.5964	45940.65694	45588.01642	46148.52061	13653.04374	30790.05677	30832.5721	30488.77924	30232.04589	34352.05892	30731.02799	30949.65819	17562.5683	31259.41894	31872.52602	32305.15739	34207.20328	34968.26163	6882.20118	19262.58389	6732.028662	20000.15468	25503.64766	25739.81637	25842.03043	32305.15739	274157.0911	303985.675	303408.008	25663.9827	15358.13656	27164.68113	0	359.7750241	31481.55705	31294.28416	31046.85433	30816.35965	274760.0683	17560.33478	14682.14783	17806.94074	17901.59063	16050.9505	45494.50755	46264.79207	46037.75886	10383.09497	137244.5425	138218.0533	135472.5414	31849.34471	32144.21864	31941.95995	32018.90974	31847.58506	31753.25964	31424.89925	30629.83472	30934.15022	30927.2099	30752.50376	30756.4994	30944.4394	30603.50982	25317.51358	25118.36021	25402.42255	25479.59277	25402.42255	25402.42255
S105	490628.9714	490755.8394	490596.6959	490474.4516	19557.7078	135879.5635	137579.2983	138447.3503	45904.34504	45575.32787	46140.50671	13938.43464	31130.88088	31174.22269	30830.7925	30571.97296	34525.89646	31065.03701	31284.07915	17821.58773	31614.44759	32228.09742	32661.38356	34559.53301	35319.64463	7120.381123	19557.7078	6984.125182	20356.9386	25851.65841	26089.13601	26191.1357	32661.38356	274416.2741	304239.9686	303662.139	26012.48538	15025.74817	27476.69328	359.7750241	0	31820.92955	31627.64265	31388.21107	31154.36882	275019.2671	17867.51451	15040.55564	18148.31625	18260.52514	16403.02664	45482.46627	46255.98825	46001.94385	10346.40484	137555.5024	138527.8301	135785.7948	32205.27794	32499.76031	32297.71638	32374.33909	32202.43371	32108.30199	31780.04921	30972.1957	31275.37341	31267.26849	31092.55316	31098.96075	31286.87854	30944.92865	25666.30192	25466.80637	25750.0871	25828.23292	25750.0871	25750.0871
S111	467058.5677	467192.2053	467038.8105	466909.8989	13946.80062	104709.9004	106498.0701	107418.2732	65935.3672	64285.94324	64512.60119	19029.94168	791.9310887	893.0362631	1220.589428	1257.622684	42752.44511	1524.031507	1343.38746	17210.31359	5541.499593	5909.082566	6386.836197	5210.449538	5359.836598	25764.2447	13946.80062	25672.58016	16390.09416	6414.012491	6369.982213	6249.549403	6386.836197	245841.9426	275917.0593	275349.6752	6327.28522	46827.84505	6896.314508	31481.55705	31820.92955	0	1501.588301	688.8597831	753.128936	246443.1431	24621.70859	19126.33381	20631.46865	15020.67781	15707.58677	64165.5301	64662.09781	65995.33637	37268.57034	106475.6757	107497.6228	104612.3685	6118.866346	5941.277503	6028.536005	5852.840219	5504.502339	5595.117347	5618.158104	1175.182319	738.9581937	583.0444338	750.3200514	1109.679117	994.2053674	1034.388122	6675.23005	6815.881223	6469.305818	6510.574949	6469.305818	6469.305818
S112	466204.0485	466337.2924	466183.5486	466055.0247	13248.98964	104602.4892	106368.3796	107276.0788	66708.7053	65108.9472	65350.76986	18528.32736	1925.306846	2136.307012	2318.30373	1922.288424	43808.39143	582.7770999	424.2073896	16419.59024	6997.890174	7392.147206	7879.744305	6647.83399	6718.279915	25385.39408	13248.98964	25315.67434	17080.39074	6848.705219	6900.837726	6781.527962	7879.744305	245358.2997	275410.8597	274842.3406	6806.023366	46652.41971	5737.038079	31294.28416	31627.64265	1501.588301	0	2027.282284	1219.562874	245959.7764	25298.27217	19445.42401	21278.13892	15355.29175	15756.56709	64989.14071	65499.52836	66770.59759	37453.66132	106345.629	107355.725	104505.9346	7599.74765	7432.683493	7513.26875	7341.157547	6989.206361	7075.627157	7083.340604	2371.498998	2004.20363	1696.937256	1736.007919	2371.562579	2337.201838	2129.078436	7130.226453	7232.609524	6874.974255	6975.671971	6874.974255	6874.974255
